YYYY MM q1q2q3q4q5 q6q7q8q9q0 d1d2d3d4d5
2000 01 211718 9 8 1916151025 28 1291123
2000 02 1819 41720 222916 2 1 12 614 724
2000 03 15162627 4 2128 91713 31 112 7 8
2000 04 2614221825 1523131211  7 6 41624
2000 05  81120 721 10 41819 9 2425172329
2000 06 3016 92517 21 2201929  8261423 5
2000 07  2 724 625  9 821 127 1514162011
2000 08 2225181926 20 917 827 12112928 5
2000 09 101411 922 23 329 513 1817301916
2000 10 20 821 9 6 27 7251226  5 4142913
2000 11 171615 3 2 1418302325  629 72710
2000 12 1531142030  21621 513 23 8 9 710
2001 01  130 6 219 1827 7 5 9 2421312329
2001 02  3 4182517 16 52419 9 13 6142723
2001 03 1516261117 10 125 9 8 3120281923
2001 04 3027241925 261720 321 11 8131218
2001 05 31 53021 1  226 62420  912131028
2001 06 2829122322 16 52527 3 18 9 21021
2001 07 2821 220 7 2913 3 427 312517 816
2001 08 1624151129  2 820 410 1713 522 6
2001 09 10 7 921 1 20 6 217 8 2329302615
2001 10 2418 71726 27253010 5 22 3 221 1
2001 11  327302814 12291321 9  624 1 719
2001 12  910111320  2281426 7 2430173121
2002 01  3 530 4 6  916292422 1110121913
2002 02 141523 316 2427 41925 28 6 5 2 7
2002 03 1728141627  829 91513 24 5313019
2002 04  8 926 525  6 4211015 2018171923
2002 05 24 531 125  4 317 230 2311142710
2002 06 282714 115  617 72429  210 4 830
2002 07 14 315 2 4 1813113024  617211227
2002 08  624 7 525  823282231  2211920 1
2002 09 2325242920 2826162715  7 4 83011
2002 10 1312112122 2023171918 24 4 1 7 2
2002 11  8 916 117 1418151126 21 3 222 5
2002 12 1817111213 1016 93115 2719232024
2003 01  9 8 616 7  2151713 5 2530262322
2003 02 2524131123 221712 719  2 427 315
2003 03 25242612 8  9 2111913 17313029 4
2003 04  712 61319 2720281126 302516 4 5
2003 05  4171816 3 2019 523 2 2930 1 8 7
2003 06 1213 52022 11 6192526 18172816 2
2003 07  8 9222110 24 12523 6 1116122931
2003 08 31 51627 4 10112615 3 182122 123
2003 09 281429 730 15 827 613 1718241916
2003 10 11101223 4  5 8 2 9 6 2930311421
2003 11 282729 5 8 26 71930 3 2011131615
2003 12 19 3182529 30 424 217 1011 5 8 9
2004 01  829123114 21 2152711 222325 716
2004 02 2617 82010 251621 9 7 1229131511
2004 03 24 7 6 825  5 4171923 101112 9 2
2004 04  2 1222029 2714261913  3 6 5 923
2004 05 2618172716 25 91410 2  729 52031
2004 06 2223272025 1221132419 2915 128 9
2004 07  8 7 921 6  4102918 3 2725232624
2004 08  4 824 325 1915232616 3031211020
2004 09 1110 412 3 302625 927 14171622 6
2004 10 1726 72823  1 6271918 13143031 4
2004 11  61518 2 5 19 1172313 10 8 9 712
2004 12  4 319 224 2015231431 12 6223028
2005 01 262725 9 6 1028241113 18172119 2
2005 02  523 41513 221224 114 18 8 7 910
2005 03  422122023 1528 32924  7 6 8 925
2005 04 1027262821  2 9 817 1  5131230 4
2005 05 26272524 5  623 414 2 30 81516 1
2005 06 2110202827  819 91129 23121316 4
2005 07  624 525 8 26 42315 7 101213 928
2005 08 1120301228 27191526 8 2431 62513
2005 09 24212025 8 23221929 6 11121513 2
2005 10 1512232014 21 5 429 6  82531 217
2005 11 162710 817  915182126  3 413 630
2005 12 23 7 8 615  514181724 112827 120
2006 01  91030 431 2911131412 2623161827
2006 02 1425 91813  527 1 8 2 202122 615
2006 03  513 2 3 4 17142330 9 1918201021
2006 04 3012 1 3 2 29 7192627 14 915 522
2006 05 16 12729 9 1526 3 225  6 7111218
2006 06 26 4232113  524192012  615 7 828
2006 07 21 21819 8 20 3161723 28 5311412
2006 08 1325 41614 26 615 524 19 7202227
2006 09 1522 92116 2827 82029 1824 4 117
2006 10 101926 611 1723 518 4 1314 12921
2006 11  7 8202118 13 619 514 1030112425
2006 12  43127 229 3028 3 526 151412 6 7
2007 01 13 7242526 22 823 914 291730 2 3
2007 02 2120 42422 231119 325 28131415 7
2007 03 2021 319 9 29221831 4 1324 6 714
2007 04 16132120 8  5 6 72411  128 22927
2007 05  6 5 21213 11 4141630 232418 725
2007 06  512 6 711 2625203028 142122 329
2007 07  925191824  222231716 1114 42920
2007 08 24 423 513 2018 922 3  7 110 627
2007 09 13 9101112 1617192615 29 2282327
2007 10  9 8111710  715131624  325192627
2007 11  7 6 311 2 30 5181229 2021252423
2007 12  3 8 425 7 26 22915 6 1817112021
2008 01  3 22230 4 11 1271028 14 5 6 8 7
2008 02 24252226 9  5 6231721 292810 2 1
2008 03  7 62425 4 312217 321  9272628 1
2008 04  214 320 1 1121151929 23 6 52416
2008 05 17141518 9 1226271113  5 3212830
2008 06 1310 52211 12 4 92123 15261416 7
2008 07 19 8 7 9 2 25 3312029 2312132214
2008 08 25 2262430  52928 422  918101917
2008 09 1312292124 1123 22826  415 8 716
2008 10  918252427 17 7 81014 1129 3 230
2008 11 2221 31418 13 519 6 4 25 8 92616
2008 12  1 2 92914 3018212028  631 523 4
2009 01 1222231124 28 7182517  32619 131
2009 02  8 2171019 1326 9 6 7 14 4271524
2009 03  2 7 918 6 23 1312928 1314 82515
2009 04  423 230 7  328142629  911181012
2009 05 12272517 5 15261319 1  814 7 628
2009 06 12 117 922 19 211 826 2428292125
2009 07 171918 226 162927 1 4 2214132310
2009 08 1624152917 2528141811 30 6201921
2009 09 2329241925 12 9 8 7 5 2821 41727
2009 10 14201017 3 18 21221 6 2223243011
2009 11  62329 3 5 30 4111610 2421 82515
2009 12  1 3 41130  92931 8 2 1416 52526
2010 01 17 7 9 2 8 27 61619 1 2013112130
2010 02 202127 528  9261023 7 15 2 316 1
2010 03 222321 9 8 1315 51916 111210 317
2010 04 2610182530 1628131720  5 612 7 2
2010 05 232427 913 15 1142216  229 33031
2010 06 1220 819 9 23141122 7 1630 42627
2010 07 101718 713  619 8 516 2728 11415
2010 08 3022212914 20311319 7  4 3242527
2010 09 111230 422 10 3131920 2428 8 714
2010 10  214 1 3 4 3021 72810 2311241712
2010 11  62619 2 7  520 930 1 1112232815
2010 12 102211 323  9 4 521 1 1420281513
2011 01 3023 52721 2226 1 229  7141319 8
2011 02  3 9271328 2423251722  418 5 614
2011 03 1526162718 2831142925 11 110 2 3
2011 04 2726102816 1723211514 30 612 220
2011 05 20 81225 9 13 6191423 2829 2 131
2011 06 29 3281927 183016 625  5232224 8
2011 07 2728162417 2915 22618 203019 111
2011 08 311819 321  230131211  6 5151423
2011 09 2319 116 8  224221425 1027261712
2011 10 2829221423 1013261118 25 124 5 2
2011 11 1914 92013 1810 5 316  12930 224
2011 12 27162617 6 15 7232418  329101130
2012 01 1419 43118 20 8 1 215 2224252316
2012 02 172312 216 11101824 9 15192027 7
2012 03 2629253120 302123 322  9 7151216
2012 04 30 6 9 816 291511 319 24252313 5
2012 05 27 7 5 126 17 414 2 6  922231311
2012 06 1915211420 2423221329 17 330 516
2012 07 1326271831 19292522 7 15 916 217
2012 08 3110302829 11 5 1 915  219162026
2012 09 2328112524 2910 92217  3 5 2 419
2012 10 20 4293022 2128251927 13 9 8 114
2012 11  93028 411 22 32910 8 14 1132024
2012 12  6 822 727 31122328 5 171520 218
2013 01 22 1 53024  310 423 7 2617131820
2013 02  6 52425 9 2715 31810 141322 217
2013 03  8 7262513 10 6 531 4 17 1292730
2013 04 19 8181721  3 5 920 2 2426142523
2013 05 29301112 9 1013 421 3  125241826
2013 06 1626171314 18121519 5  129 7 628
2013 07  2 317 821  424312316  614101511
2013 08 29 2 7 820 11 319 126 16212327 5
2013 09 2826271529  730 9 516 1924 113 2
2013 10  528 41921 2026242513  2 9141530
2013 11 2524212728 2612181422 11 91016 7
2013 12  212222627 2330282411  814 1 325
2014 01 1931182016 17 5 62715  2 11422 3
2014 02 13261425 2  4 5 11724 1920 81623
2014 03 16 917 7 8 1124101519 1326212529
2014 04 10 627 222 16 9 82915 2012213013
2014 05 21 6311726  213 72527  823 41130
2014 06  112271522  226231316  818 71920
2014 07 191820 129  6 5173016 281410 915
2014 08 162524 926 2215142318 2827293119
2014 09 1415 81720 21 418 710 1219242627
2014 10 12 330 4 5  731 61316 2014211822
2014 11 29261328 3 2524 127 6 10 41615 5
2014 12 1118171627  320193110  729122622
2015 01 2018192515 24 11417 9  7 4 526 8
2015 02 1327142612 2016 61115  22417 118
2015 03 1030 514 9 1513272612 1718 219 1
2015 04 252612 829 2430 72728 1610151721
2015 05 2521222324 3031161727 13 6121811
2015 06 20 5 2 4 3 19 6293012 2322 82514
2015 07 19 2 31820  817 929 7 1311 523 4
2015 08 143031 521  4 3241125 2728151623
2015 09 30272826 1 292524 2 3 11 920 7 8
2015 10 2628271929 2223311625  7 8 91312
2015 11 2425232226 211220 228 10 7 3 4 9
2015 12 30 3 42818 2916131725 20312110 6
2016 01 2530291617 26271518 4 21 120 6 7
2016 02 2228272129 10 42520 2 161718 819
2016 03 2613 5 425 222431 9 3  615 71716
2016 04 19 929 120 2821251811 13141217 2
2016 05 25261223 4 24112013 5  8 9 221 1
2016 06  3 221 420  92919 1 8  5 6142415
2016 07  518273126  61730 421  7 8201225
2016 08 28 1151422 1920132716  3243023 5
2016 09 1611231710 22 9132412  32829 227
2016 10 211120 922 12 6 719 8 2526132927
2016 11 19 5 82030 1718 716 6 25132412 3
2016 12  416 31530  1 21413 5  92226 821
